symbol,name,timestamp,trade_date,trade_time,open,high,low,close,volume,amount
561580.SH,央企红利ETF华泰柏瑞,1763395200000,2025-11-18,2025-11-18 00:00:00,1.2260000000000006,1.2270000000000005,1.2080000000000006,1.2120000000000006,356258,45405377.0
561580.SH,央企红利ETF华泰柏瑞,1763481600000,2025-11-19,2025-11-19 00:00:00,1.2120000000000006,1.2250000000000005,1.2120000000000006,1.2220000000000006,231354,29599305.0
561580.SH,央企红利ETF华泰柏瑞,1763568000000,2025-11-20,2025-11-20 00:00:00,1.2240000000000006,1.2370000000000005,1.2220000000000006,1.2240000000000006,310824,40044610.0
561580.SH,央企红利ETF华泰柏瑞,1763654400000,2025-11-21,2025-11-21 00:00:00,1.2250000000000005,1.2250000000000005,1.2020000000000006,1.2040000000000006,491105,62503537.0
561580.SH,央企红利ETF华泰柏瑞,1763913600000,2025-11-24,2025-11-24 00:00:00,1.2080000000000006,1.2090000000000005,1.1970000000000005,1.1970000000000005,287699,36291064.0
561580.SH,央企红利ETF华泰柏瑞,1764000000000,2025-11-25,2025-11-25 00:00:00,1.1990000000000005,1.2100000000000006,1.1970000000000005,1.2080000000000006,328110,41534938.0
561580.SH,央企红利ETF华泰柏瑞,1764086400000,2025-11-26,2025-11-26 00:00:00,1.2090000000000005,1.2120000000000006,1.2000000000000006,1.2020000000000006,229800,29039251.0
561580.SH,央企红利ETF华泰柏瑞,1764172800000,2025-11-27,2025-11-27 00:00:00,1.2020000000000006,1.2040000000000006,1.1950000000000005,1.2000000000000006,182669,23023015.0
561580.SH,央企红利ETF华泰柏瑞,1764259200000,2025-11-28,2025-11-28 00:00:00,1.2000000000000006,1.2010000000000005,1.1920000000000006,1.2000000000000006,187323,23565517.0
561580.SH,央企红利ETF华泰柏瑞,1764518400000,2025-12-01,2025-12-01 00:00:00,1.2020000000000006,1.2100000000000006,1.1980000000000006,1.2080000000000006,327101,41420436.0
561580.SH,央企红利ETF华泰柏瑞,1764604800000,2025-12-02,2025-12-02 00:00:00,1.2090000000000005,1.2130000000000005,1.2040000000000006,1.2090000000000005,281406,35690740.0
561580.SH,央企红利ETF华泰柏瑞,1764691200000,2025-12-03,2025-12-03 00:00:00,1.2110000000000005,1.2130000000000005,1.2030000000000005,1.2070000000000005,481706,61129841.0
561580.SH,央企红利ETF华泰柏瑞,1764777600000,2025-12-04,2025-12-04 00:00:00,1.2070000000000005,1.2100000000000006,1.2000000000000006,1.2030000000000005,504893,63796801.0
561580.SH,央企红利ETF华泰柏瑞,1764864000000,2025-12-05,2025-12-05 00:00:00,1.2030000000000005,1.2090000000000005,1.1970000000000005,1.2070000000000005,265938,33571500.0
561580.SH,央企红利ETF华泰柏瑞,1765123200000,2025-12-08,2025-12-08 00:00:00,1.2100000000000006,1.2100000000000006,1.1980000000000006,1.2020000000000006,364804,46078748.0
561580.SH,央企红利ETF华泰柏瑞,1765209600000,2025-12-09,2025-12-09 00:00:00,1.2010000000000005,1.2010000000000005,1.1890000000000007,1.1900000000000006,371587,46624933.0
561580.SH,央企红利ETF华泰柏瑞,1765296000000,2025-12-10,2025-12-10 00:00:00,1.1900000000000006,1.1910000000000005,1.1800000000000006,1.1870000000000007,307562,38270456.0
561580.SH,央企红利ETF华泰柏瑞,1765382400000,2025-12-11,2025-12-11 00:00:00,1.1880000000000006,1.1890000000000007,1.1750000000000007,1.1780000000000006,330613,41027190.0
561580.SH,央企红利ETF华泰柏瑞,1765468800000,2025-12-12,2025-12-12 00:00:00,1.1800000000000006,1.1830000000000007,1.1690000000000007,1.1740000000000006,462356,56987913.0
561580.SH,央企红利ETF华泰柏瑞,1765728000000,2025-12-15,2025-12-15 00:00:00,1.1710000000000007,1.1850000000000007,1.1690000000000007,1.1800000000000006,266599,32832174.0
561580.SH,央企红利ETF华泰柏瑞,1765814400000,2025-12-16,2025-12-16 00:00:00,1.1810000000000007,1.1810000000000007,1.1650000000000007,1.1700000000000006,714240,87051835.0
561580.SH,央企红利ETF华泰柏瑞,1765900800000,2025-12-17,2025-12-17 00:00:00,1.1700000000000006,1.1810000000000007,1.1640000000000006,1.1770000000000007,247766,30310906.0
561580.SH,央企红利ETF华泰柏瑞,1765987200000,2025-12-18,2025-12-18 00:00:00,1.1770000000000007,1.1920000000000006,1.1760000000000006,1.1910000000000007,872468,107759372.0
561580.SH,央企红利ETF华泰柏瑞,1766073600000,2025-12-19,2025-12-19 00:00:00,1.1910000000000007,1.1950000000000007,1.1850000000000007,1.1910000000000007,734775,91158904.0
561580.SH,央企红利ETF华泰柏瑞,1766332800000,2025-12-22,2025-12-22 00:00:00,1.1910000000000007,1.1920000000000006,1.1880000000000006,1.1910000000000007,359645,44606754.0
561580.SH,央企红利ETF华泰柏瑞,1766419200000,2025-12-23,2025-12-23 00:00:00,1.1920000000000006,1.1950000000000007,1.1880000000000006,1.1920000000000006,360030,44694319.0
561580.SH,央企红利ETF华泰柏瑞,1766505600000,2025-12-24,2025-12-24 00:00:00,1.1920000000000006,1.1920000000000006,1.1850000000000007,1.1900000000000006,414214,51308197.0
561580.SH,央企红利ETF华泰柏瑞,1766592000000,2025-12-25,2025-12-25 00:00:00,1.1900000000000006,1.1940000000000006,1.1880000000000006,1.1900000000000006,812472,100836111.0
561580.SH,央企红利ETF华泰柏瑞,1766678400000,2025-12-26,2025-12-26 00:00:00,1.1900000000000006,1.1930000000000007,1.1870000000000007,1.1910000000000007,221328,27437194.0
561580.SH,央企红利ETF华泰柏瑞,1766937600000,2025-12-29,2025-12-29 00:00:00,1.1920000000000006,1.2000000000000006,1.1880000000000006,1.1920000000000006,603577,75218017.0
561580.SH,央企红利ETF华泰柏瑞,1767024000000,2025-12-30,2025-12-30 00:00:00,1.1900000000000006,1.1960000000000006,1.1860000000000006,1.1930000000000007,535863,66517908.0
561580.SH,央企红利ETF华泰柏瑞,1767110400000,2025-12-31,2025-12-31 00:00:00,1.1940000000000006,1.1970000000000007,1.1900000000000006,1.1950000000000007,412903,51346913.0
561580.SH,央企红利ETF华泰柏瑞,1767542400000,2026-01-05,2026-01-05 00:00:00,1.1960000000000006,1.1980000000000006,1.1870000000000007,1.1910000000000007,464336,57565120.0
561580.SH,央企红利ETF华泰柏瑞,1767628800000,2026-01-06,2026-01-06 00:00:00,1.1910000000000007,1.2030000000000005,1.1870000000000007,1.2030000000000005,424914,53002639.0
561580.SH,央企红利ETF华泰柏瑞,1767715200000,2026-01-07,2026-01-07 00:00:00,1.2030000000000005,1.2060000000000006,1.1950000000000007,1.1990000000000007,379850,47448640.0
561580.SH,央企红利ETF华泰柏瑞,1767801600000,2026-01-08,2026-01-08 00:00:00,1.1980000000000006,1.2010000000000005,1.1930000000000007,1.1970000000000007,259112,32309193.0
561580.SH,央企红利ETF华泰柏瑞,1767888000000,2026-01-09,2026-01-09 00:00:00,1.1980000000000006,1.2040000000000006,1.1980000000000006,1.2030000000000005,316288,39557757.0
561580.SH,央企红利ETF华泰柏瑞,1768147200000,2026-01-12,2026-01-12 00:00:00,1.2030000000000005,1.2040000000000006,1.1960000000000006,1.2040000000000006,269541,33703825.0
561580.SH,央企红利ETF华泰柏瑞,1768233600000,2026-01-13,2026-01-13 00:00:00,1.2060000000000006,1.2130000000000005,1.2040000000000006,1.2080000000000006,298018,37494156.0
561580.SH,央企红利ETF华泰柏瑞,1768320000000,2026-01-14,2026-01-14 00:00:00,1.2100000000000006,1.2100000000000006,1.1950000000000007,1.1980000000000006,429696,53884429.0
561580.SH,央企红利ETF华泰柏瑞,1768406400000,2026-01-15,2026-01-15 00:00:00,1.1950000000000007,1.2010000000000005,1.1910000000000007,1.1910000000000007,349942,43612363.0
561580.SH,央企红利ETF华泰柏瑞,1768492800000,2026-01-16,2026-01-16 00:00:00,1.1950000000000007,1.1990000000000007,1.1790000000000007,1.1820000000000006,577200,71457097.0
561580.SH,央企红利ETF华泰柏瑞,1768752000000,2026-01-19,2026-01-19 00:00:00,1.1800000000000006,1.1900000000000006,1.1790000000000007,1.1900000000000006,373199,46140104.0
561580.SH,央企红利ETF华泰柏瑞,1768838400000,2026-01-20,2026-01-20 00:00:00,1.1900000000000006,1.2030000000000005,1.1880000000000006,1.2030000000000005,323659,40311020.0
561580.SH,央企红利ETF华泰柏瑞,1768924800000,2026-01-21,2026-01-21 00:00:00,1.2050000000000007,1.2050000000000007,1.1900000000000006,1.1930000000000007,460165,56849194.0
561580.SH,央企红利ETF华泰柏瑞,1769011200000,2026-01-22,2026-01-22 00:00:00,1.1930000000000007,1.2050000000000007,1.1920000000000006,1.1990000000000007,294352,36474930.0
561580.SH,央企红利ETF华泰柏瑞,1769097600000,2026-01-23,2026-01-23 00:00:00,1.2010000000000007,1.2010000000000007,1.1900000000000006,1.1930000000000007,426461,52680328.0
561580.SH,央企红利ETF华泰柏瑞,1769356800000,2026-01-26,2026-01-26 00:00:00,1.1900000000000006,1.2090000000000007,1.1900000000000006,1.2060000000000006,457643,56820807.0
561580.SH,央企红利ETF华泰柏瑞,1769443200000,2026-01-27,2026-01-27 00:00:00,1.2090000000000007,1.2130000000000005,1.1980000000000006,1.1990000000000007,625763,77916024.0
561580.SH,央企红利ETF华泰柏瑞,1769529600000,2026-01-28,2026-01-28 00:00:00,1.1950000000000007,1.2240000000000006,1.1940000000000006,1.2150000000000005,860452,107797442.0
561580.SH,央企红利ETF华泰柏瑞,1769616000000,2026-01-29,2026-01-29 00:00:00,1.2150000000000005,1.2300000000000006,1.2110000000000005,1.2290000000000005,707417,89060518.0
561580.SH,央企红利ETF华泰柏瑞,1769702400000,2026-01-30,2026-01-30 00:00:00,1.2280000000000006,1.2430000000000005,1.2150000000000005,1.2290000000000005,616968,78155445.0
561580.SH,央企红利ETF华泰柏瑞,1769961600000,2026-02-02,2026-02-02 00:00:00,1.2240000000000006,1.2240000000000006,1.1850000000000007,1.1870000000000007,1158162,143578257.0
561580.SH,央企红利ETF华泰柏瑞,1770048000000,2026-02-03,2026-02-03 00:00:00,1.1870000000000007,1.1940000000000006,1.1800000000000006,1.1930000000000007,621403,76196097.0
561580.SH,央企红利ETF华泰柏瑞,1770134400000,2026-02-04,2026-02-04 00:00:00,1.1910000000000007,1.2180000000000006,1.1910000000000007,1.2160000000000006,788778,98574932.0
561580.SH,央企红利ETF华泰柏瑞,1770220800000,2026-02-05,2026-02-05 00:00:00,1.2130000000000005,1.2190000000000005,1.2040000000000006,1.2130000000000005,639976,80108081.0
561580.SH,央企红利ETF华泰柏瑞,1770307200000,2026-02-06,2026-02-06 00:00:00,1.2090000000000007,1.2140000000000006,1.1980000000000006,1.2100000000000006,440618,54993453.0
561580.SH,央企红利ETF华泰柏瑞,1770566400000,2026-02-09,2026-02-09 00:00:00,1.2120000000000006,1.2160000000000006,1.2090000000000007,1.2150000000000005,405462,50784925.0
561580.SH,央企红利ETF华泰柏瑞,1770652800000,2026-02-10,2026-02-10 00:00:00,1.2130000000000005,1.2160000000000006,1.2090000000000007,1.2140000000000006,358574,44943535.0
561580.SH,央企红利ETF华泰柏瑞,1770739200000,2026-02-11,2026-02-11 00:00:00,1.2140000000000006,1.2240000000000006,1.2130000000000005,1.2230000000000005,469547,59194789.0
561580.SH,央企红利ETF华泰柏瑞,1770825600000,2026-02-12,2026-02-12 00:00:00,1.2220000000000006,1.2280000000000006,1.2180000000000006,1.2200000000000006,268847,33926297.0
561580.SH,央企红利ETF华泰柏瑞,1770912000000,2026-02-13,2026-02-13 00:00:00,1.2200000000000006,1.2200000000000006,1.1960000000000006,1.1980000000000006,1058267,131586671.0
561580.SH,央企红利ETF华泰柏瑞,1771862400000,2026-02-24,2026-02-24 00:00:00,1.2050000000000007,1.2280000000000006,1.2050000000000007,1.2260000000000006,728985,92033318.0
561580.SH,央企红利ETF华泰柏瑞,1771948800000,2026-02-25,2026-02-25 00:00:00,1.2260000000000006,1.2460000000000007,1.2260000000000006,1.2310000000000005,909276,116044823.0
561580.SH,央企红利ETF华泰柏瑞,1772035200000,2026-02-26,2026-02-26 00:00:00,1.2350000000000005,1.2390000000000005,1.2270000000000005,1.2320000000000007,471845,59560868.0
561580.SH,央企红利ETF华泰柏瑞,1772121600000,2026-02-27,2026-02-27 00:00:00,1.2330000000000005,1.2430000000000005,1.2300000000000006,1.2420000000000007,408785,51857729.0
561580.SH,央企红利ETF华泰柏瑞,1772380800000,2026-03-02,2026-03-02 00:00:00,1.2530000000000006,1.2830000000000006,1.2470000000000006,1.2810000000000006,983775,127222298.0
561580.SH,央企红利ETF华泰柏瑞,1772467200000,2026-03-03,2026-03-03 00:00:00,1.2810000000000006,1.3280000000000007,1.2800000000000007,1.3170000000000006,1109346,148074097.0
561580.SH,央企红利ETF华泰柏瑞,1772553600000,2026-03-04,2026-03-04 00:00:00,1.3100000000000007,1.3100000000000007,1.2580000000000007,1.2850000000000006,890274,116363052.0
561580.SH,央企红利ETF华泰柏瑞,1772640000000,2026-03-05,2026-03-05 00:00:00,1.2770000000000006,1.2910000000000006,1.2660000000000007,1.2830000000000006,631450,82411611.0
561580.SH,央企红利ETF华泰柏瑞,1772726400000,2026-03-06,2026-03-06 00:00:00,1.2790000000000006,1.2860000000000007,1.2700000000000007,1.2840000000000007,477601,62452188.0
561580.SH,央企红利ETF华泰柏瑞,1772985600000,2026-03-09,2026-03-09 00:00:00,1.3040000000000007,1.3050000000000006,1.2800000000000007,1.2820000000000007,662956,87572189.0
561580.SH,央企红利ETF华泰柏瑞,1773072000000,2026-03-10,2026-03-10 00:00:00,1.2700000000000007,1.2750000000000006,1.2620000000000007,1.2700000000000007,584983,75917419.0
561580.SH,央企红利ETF华泰柏瑞,1773158400000,2026-03-11,2026-03-11 00:00:00,1.2700000000000007,1.2850000000000006,1.2570000000000006,1.2840000000000007,638689,82942210.0
561580.SH,央企红利ETF华泰柏瑞,1773244800000,2026-03-12,2026-03-12 00:00:00,1.2850000000000006,1.2980000000000007,1.2780000000000007,1.2960000000000007,554638,73295786.0
561580.SH,央企红利ETF华泰柏瑞,1773331200000,2026-03-13,2026-03-13 00:00:00,1.2970000000000006,1.3000000000000007,1.2840000000000007,1.2870000000000006,634328,83859438.0
561580.SH,央企红利ETF华泰柏瑞,1773590400000,2026-03-16,2026-03-16 00:00:00,1.2860000000000007,1.2920000000000007,1.2700000000000007,1.2760000000000007,671044,87734772.0
561580.SH,央企红利ETF华泰柏瑞,1773676800000,2026-03-17,2026-03-17 00:00:00,1.2770000000000006,1.2810000000000006,1.2690000000000006,1.2710000000000006,583460,76119557.0
561580.SH,央企红利ETF华泰柏瑞,1773763200000,2026-03-18,2026-03-18 00:00:00,1.2700000000000007,1.2750000000000006,1.2570000000000006,1.2680000000000007,907328,117470594.0
561580.SH,央企红利ETF华泰柏瑞,1773849600000,2026-03-19,2026-03-19 00:00:00,1.2650000000000006,1.2730000000000006,1.2610000000000006,1.2640000000000007,619416,80278935.0
561580.SH,央企红利ETF华泰柏瑞,1773936000000,2026-03-20,2026-03-20 00:00:00,1.2620000000000007,1.2670000000000006,1.2530000000000006,1.2540000000000007,671491,86574080.0
561580.SH,央企红利ETF华泰柏瑞,1774195200000,2026-03-23,2026-03-23 00:00:00,1.2470000000000006,1.2490000000000006,1.2170000000000005,1.2250000000000005,817572,102831553.0
561580.SH,央企红利ETF华泰柏瑞,1774281600000,2026-03-24,2026-03-24 00:00:00,1.2290000000000005,1.2420000000000004,1.2230000000000005,1.2420000000000004,529130,66535478.0
561580.SH,央企红利ETF华泰柏瑞,1774368000000,2026-03-25,2026-03-25 00:00:00,1.2420000000000004,1.2470000000000006,1.2310000000000005,1.2460000000000004,394764,49959224.0
561580.SH,央企红利ETF华泰柏瑞,1774454400000,2026-03-26,2026-03-26 00:00:00,1.2460000000000004,1.2520000000000004,1.2440000000000004,1.2480000000000004,471013,59955580.0
561580.SH,央企红利ETF华泰柏瑞,1774540800000,2026-03-27,2026-03-27 00:00:00,1.2450000000000006,1.2500000000000004,1.2380000000000004,1.2470000000000006,496013,62938852.0
561580.SH,央企红利ETF华泰柏瑞,1774800000000,2026-03-30,2026-03-30 00:00:00,1.2420000000000004,1.2550000000000006,1.2410000000000005,1.2540000000000004,438791,55885747.0
561580.SH,央企红利ETF华泰柏瑞,1774886400000,2026-03-31,2026-03-31 00:00:00,1.2550000000000006,1.2640000000000005,1.2440000000000004,1.2460000000000004,469879,60004682.0
561580.SH,央企红利ETF华泰柏瑞,1774972800000,2026-04-01,2026-04-01 00:00:00,1.2490000000000006,1.2570000000000006,1.2470000000000006,1.2500000000000004,528585,67497899.0
561580.SH,央企红利ETF华泰柏瑞,1775059200000,2026-04-02,2026-04-02 00:00:00,1.2510000000000006,1.2590000000000006,1.2480000000000004,1.2580000000000005,437455,56023418.0
561580.SH,央企红利ETF华泰柏瑞,1775145600000,2026-04-03,2026-04-03 00:00:00,1.2550000000000006,1.2580000000000005,1.2390000000000005,1.2450000000000006,1085003,137757797.0
561580.SH,央企红利ETF华泰柏瑞,1775491200000,2026-04-07,2026-04-07 00:00:00,1.2440000000000004,1.2490000000000006,1.2370000000000005,1.2470000000000006,354018,44925440.0
561580.SH,央企红利ETF华泰柏瑞,1775577600000,2026-04-08,2026-04-08 00:00:00,1.2470000000000006,1.2520000000000004,1.2390000000000005,1.2520000000000004,507112,64445163.0
561580.SH,央企红利ETF华泰柏瑞,1775664000000,2026-04-09,2026-04-09 00:00:00,1.2510000000000006,1.2520000000000004,1.2430000000000005,1.2460000000000004,384358,48819153.0
561580.SH,央企红利ETF华泰柏瑞,1775750400000,2026-04-10,2026-04-10 00:00:00,1.2460000000000004,1.2480000000000004,1.2420000000000004,1.2440000000000004,461050,58554862.0
561580.SH,央企红利ETF华泰柏瑞,1776009600000,2026-04-13,2026-04-13 00:00:00,1.2440000000000004,1.2440000000000004,1.2300000000000004,1.2380000000000004,753963,94966328.0
561580.SH,央企红利ETF华泰柏瑞,1776096000000,2026-04-14,2026-04-14 00:00:00,1.2380000000000004,1.2400000000000004,1.2310000000000005,1.2370000000000005,471177,59325184.0
561580.SH,央企红利ETF华泰柏瑞,1776182400000,2026-04-15,2026-04-15 00:00:00,1.2370000000000005,1.2430000000000005,1.2350000000000005,1.2420000000000004,461043,58314505.0
561580.SH,央企红利ETF华泰柏瑞,1776268800000,2026-04-16,2026-04-16 00:00:00,1.2420000000000004,1.2440000000000004,1.2370000000000005,1.2430000000000005,600167,75928397.0
561580.SH,央企红利ETF华泰柏瑞,1776355200000,2026-04-17,2026-04-17 00:00:00,1.2420000000000004,1.2420000000000004,1.2360000000000004,1.2380000000000004,637598,80508946.0
561580.SH,央企红利ETF华泰柏瑞,1776614400000,2026-04-20,2026-04-20 00:00:00,1.2370000000000003,1.2410000000000003,1.2330000000000003,1.2410000000000003,355100,44675534.0
561580.SH,央企红利ETF华泰柏瑞,1776700800000,2026-04-21,2026-04-21 00:00:00,1.2410000000000003,1.2510000000000003,1.2400000000000004,1.2500000000000004,484768,61411613.0
561580.SH,央企红利ETF华泰柏瑞,1776787200000,2026-04-22,2026-04-22 00:00:00,1.2480000000000004,1.2500000000000004,1.2370000000000003,1.2410000000000003,882131,111323679.0
561580.SH,央企红利ETF华泰柏瑞,1776873600000,2026-04-23,2026-04-23 00:00:00,1.2410000000000003,1.2410000000000003,1.2310000000000003,1.2410000000000003,621868,78134242.0
561580.SH,央企红利ETF华泰柏瑞,1776960000000,2026-04-24,2026-04-24 00:00:00,1.2400000000000004,1.2410000000000003,1.2300000000000004,1.2350000000000003,749317,93934679.0
561580.SH,央企红利ETF华泰柏瑞,1777219200000,2026-04-27,2026-04-27 00:00:00,1.2350000000000003,1.2360000000000004,1.2250000000000005,1.2280000000000004,861004,107531278.0
561580.SH,央企红利ETF华泰柏瑞,1777305600000,2026-04-28,2026-04-28 00:00:00,1.2260000000000004,1.2390000000000003,1.2250000000000005,1.2380000000000004,631754,79148171.0
561580.SH,央企红利ETF华泰柏瑞,1777392000000,2026-04-29,2026-04-29 00:00:00,1.2370000000000003,1.2450000000000003,1.2360000000000004,1.2430000000000003,713142,89915167.0
561580.SH,央企红利ETF华泰柏瑞,1777478400000,2026-04-30,2026-04-30 00:00:00,1.2430000000000003,1.2430000000000003,1.2340000000000004,1.2390000000000003,510530,64165208.0
561580.SH,央企红利ETF华泰柏瑞,1777996800000,2026-05-06,2026-05-06 00:00:00,1.2390000000000003,1.2400000000000004,1.2260000000000004,1.2380000000000004,777702,97270450.0
561580.SH,央企红利ETF华泰柏瑞,1778083200000,2026-05-07,2026-05-07 00:00:00,1.2390000000000003,1.2400000000000004,1.2270000000000005,1.2290000000000005,875024,109472478.0
561580.SH,央企红利ETF华泰柏瑞,1778169600000,2026-05-08,2026-05-08 00:00:00,1.2290000000000005,1.2340000000000004,1.2250000000000005,1.2300000000000004,574827,71725348.0
561580.SH,央企红利ETF华泰柏瑞,1778428800000,2026-05-11,2026-05-11 00:00:00,1.2290000000000005,1.2320000000000004,1.2240000000000004,1.2310000000000003,580042,72423565.0
561580.SH,央企红利ETF华泰柏瑞,1778515200000,2026-05-12,2026-05-12 00:00:00,1.2300000000000004,1.2360000000000004,1.2280000000000004,1.2310000000000003,664803,83261867.0
561580.SH,央企红利ETF华泰柏瑞,1778601600000,2026-05-13,2026-05-13 00:00:00,1.2310000000000003,1.2350000000000003,1.2260000000000004,1.2310000000000003,582493,72815077.0
561580.SH,央企红利ETF华泰柏瑞,1778688000000,2026-05-14,2026-05-14 00:00:00,1.2310000000000003,1.2350000000000003,1.2270000000000005,1.2280000000000004,721059,90191771.0
561580.SH,央企红利ETF华泰柏瑞,1778774400000,2026-05-15,2026-05-15 00:00:00,1.2260000000000004,1.2280000000000004,1.2130000000000005,1.2180000000000004,1285497,159347381.0
561580.SH,央企红利ETF华泰柏瑞,1779033600000,2026-05-18,2026-05-18 00:00:00,1.2180000000000004,1.2190000000000003,1.2050000000000003,1.2110000000000003,727608,89065133.0
561580.SH,央企红利ETF华泰柏瑞,1779120000000,2026-05-19,2026-05-19 00:00:00,1.2090000000000003,1.2250000000000003,1.2090000000000003,1.2240000000000004,710025,87563336.0
561580.SH,央企红利ETF华泰柏瑞,1779206400000,2026-05-20,2026-05-20 00:00:00,1.2240000000000004,1.2240000000000004,1.2160000000000004,1.2190000000000003,491079,60642512.0
561580.SH,央企红利ETF华泰柏瑞,1779292800000,2026-05-21,2026-05-21 00:00:00,1.2160000000000004,1.2230000000000003,1.2050000000000003,1.2080000000000004,654854,80615629.0
561580.SH,央企红利ETF华泰柏瑞,1779379200000,2026-05-22,2026-05-22 00:00:00,1.2090000000000003,1.2090000000000003,1.1970000000000003,1.2060000000000004,567332,69103968.0
561580.SH,央企红利ETF华泰柏瑞,1779638400000,2026-05-25,2026-05-25 00:00:00,1.2050000000000003,1.2170000000000003,1.2030000000000003,1.2070000000000003,487015,59656642.0
561580.SH,央企红利ETF华泰柏瑞,1779724800000,2026-05-26,2026-05-26 00:00:00,1.2070000000000003,1.2070000000000003,1.1980000000000004,1.2050000000000003,484806,58964556.0
561580.SH,央企红利ETF华泰柏瑞,1779811200000,2026-05-27,2026-05-27 00:00:00,1.2020000000000004,1.2020000000000004,1.1860000000000004,1.1920000000000004,790146,95398595.0
561580.SH,央企红利ETF华泰柏瑞,1779897600000,2026-05-28,2026-05-28 00:00:00,1.1890000000000003,1.2000000000000004,1.1850000000000003,1.1860000000000004,508006,61209361.0
561580.SH,央企红利ETF华泰柏瑞,1779984000000,2026-05-29,2026-05-29 00:00:00,1.1850000000000003,1.2090000000000003,1.1830000000000003,1.2060000000000004,863400,104873821.0
561580.SH,央企红利ETF华泰柏瑞,1780243200000,2026-06-01,2026-06-01 00:00:00,1.2080000000000004,1.2280000000000004,1.2010000000000003,1.2270000000000003,804900,99054071.0
561580.SH,央企红利ETF华泰柏瑞,1780329600000,2026-06-02,2026-06-02 00:00:00,1.2270000000000003,1.2300000000000004,1.2150000000000003,1.2210000000000003,584168,72273025.0
561580.SH,央企红利ETF华泰柏瑞,1780416000000,2026-06-03,2026-06-03 00:00:00,1.2140000000000004,1.2200000000000004,1.2020000000000004,1.2160000000000004,670320,82045676.0
561580.SH,央企红利ETF华泰柏瑞,1780502400000,2026-06-04,2026-06-04 00:00:00,1.2110000000000003,1.2130000000000003,1.1970000000000003,1.2010000000000003,473638,57738598.0
561580.SH,央企红利ETF华泰柏瑞,1780588800000,2026-06-05,2026-06-05 00:00:00,1.2000000000000004,1.2110000000000003,1.1980000000000004,1.2020000000000004,424196,51770855.0
561580.SH,央企红利ETF华泰柏瑞,1780848000000,2026-06-08,2026-06-08 00:00:00,1.1980000000000004,1.2000000000000004,1.1880000000000004,1.1960000000000004,758930,91629658.0
561580.SH,央企红利ETF华泰柏瑞,1780934400000,2026-06-09,2026-06-09 00:00:00,1.1940000000000004,1.1940000000000004,1.1810000000000003,1.1860000000000004,862429,103498185.0
561580.SH,央企红利ETF华泰柏瑞,1781020800000,2026-06-10,2026-06-10 00:00:00,1.1870000000000003,1.1870000000000003,1.1770000000000003,1.1810000000000003,418598,50044253.0
561580.SH,央企红利ETF华泰柏瑞,1781107200000,2026-06-11,2026-06-11 00:00:00,1.1810000000000003,1.1840000000000004,1.1730000000000003,1.1770000000000003,486809,57994705.0
561580.SH,央企红利ETF华泰柏瑞,1781193600000,2026-06-12,2026-06-12 00:00:00,1.1750000000000003,1.1920000000000004,1.1720000000000004,1.1920000000000004,521253,62505804.0
561580.SH,央企红利ETF华泰柏瑞,1781452800000,2026-06-15,2026-06-15 00:00:00,1.1930000000000003,1.2000000000000002,1.1830000000000003,1.1880000000000002,463028,55551731.0
561580.SH,央企红利ETF华泰柏瑞,1781539200000,2026-06-16,2026-06-16 00:00:00,1.1880000000000002,1.1880000000000002,1.1660000000000001,1.1690000000000003,965282,114095898.0
561580.SH,央企红利ETF华泰柏瑞,1781625600000,2026-06-17,2026-06-17 00:00:00,1.1690000000000003,1.1690000000000003,1.1560000000000001,1.1620000000000001,562108,65803820.0
561580.SH,央企红利ETF华泰柏瑞,1781712000000,2026-06-18,2026-06-18 00:00:00,1.1610000000000003,1.1610000000000003,1.1350000000000002,1.1360000000000001,787510,90730089.0
561580.SH,央企红利ETF华泰柏瑞,1782057600000,2026-06-22,2026-06-22 00:00:00,1.1360000000000001,1.1500000000000001,1.1210000000000002,1.1490000000000002,721460,82481615.0
561580.SH,央企红利ETF华泰柏瑞,1782144000000,2026-06-23,2026-06-23 00:00:00,1.1470000000000002,1.1640000000000001,1.1420000000000001,1.1450000000000002,541267,62938751.0
561580.SH,央企红利ETF华泰柏瑞,1782230400000,2026-06-24,2026-06-24 00:00:00,1.1440000000000001,1.1530000000000002,1.1340000000000001,1.1360000000000001,415358,47757444.0
561580.SH,央企红利ETF华泰柏瑞,1782316800000,2026-06-25,2026-06-25 00:00:00,1.1290000000000002,1.1310000000000002,1.1140000000000003,1.1150000000000002,662600,74835597.0
561580.SH,央企红利ETF华泰柏瑞,1782403200000,2026-06-26,2026-06-26 00:00:00,1.1130000000000002,1.1170000000000002,1.0950000000000002,1.0950000000000002,572902,63730878.0
561580.SH,央企红利ETF华泰柏瑞,1782662400000,2026-06-29,2026-06-29 00:00:00,1.0950000000000002,1.1040000000000003,1.0730000000000002,1.1010000000000002,701280,77031855.0
561580.SH,央企红利ETF华泰柏瑞,1782748800000,2026-06-30,2026-06-30 00:00:00,1.0950000000000002,1.0970000000000002,1.0770000000000002,1.0820000000000003,611238,66794149.0
561580.SH,央企红利ETF华泰柏瑞,1782835200000,2026-07-01,2026-07-01 00:00:00,1.0780000000000003,1.1020000000000003,1.0770000000000002,1.0950000000000002,784005,86361590.0
561580.SH,央企红利ETF华泰柏瑞,1782921600000,2026-07-02,2026-07-02 00:00:00,1.0950000000000002,1.1100000000000003,1.0910000000000002,1.1000000000000003,697821,77358701.0
561580.SH,央企红利ETF华泰柏瑞,1783008000000,2026-07-03,2026-07-03 00:00:00,1.1020000000000003,1.118,1.1010000000000002,1.116,636844,71458424.0
561580.SH,央企红利ETF华泰柏瑞,1783267200000,2026-07-06,2026-07-06 00:00:00,1.1280000000000001,1.1320000000000001,1.1110000000000002,1.1310000000000002,669045,75752132.0
561580.SH,央企红利ETF华泰柏瑞,1783353600000,2026-07-07,2026-07-07 00:00:00,1.1310000000000002,1.1310000000000002,1.1090000000000002,1.1140000000000003,819377,92282638.0
561580.SH,央企红利ETF华泰柏瑞,1783440000000,2026-07-08,2026-07-08 00:00:00,1.1090000000000002,1.1280000000000001,1.1070000000000002,1.118,634250,71571842.0
561580.SH,央企红利ETF华泰柏瑞,1783526400000,2026-07-09,2026-07-09 00:00:00,1.1140000000000003,1.1190000000000002,1.1060000000000003,1.1100000000000003,559546,62736212.0
561580.SH,央企红利ETF华泰柏瑞,1783612800000,2026-07-10,2026-07-10 00:00:00,1.1060000000000003,1.1270000000000002,1.1050000000000002,1.124,646581,72929738.0
561580.SH,央企红利ETF华泰柏瑞,1783872000000,2026-07-13,2026-07-13 00:00:00,1.1260000000000001,1.1330000000000002,1.1190000000000002,1.1330000000000002,635052,72277887.0
561580.SH,央企红利ETF华泰柏瑞,1783958400000,2026-07-14,2026-07-14 00:00:00,1.1350000000000002,1.1520000000000001,1.1300000000000001,1.1520000000000001,712925,82183503.0
561580.SH,央企红利ETF华泰柏瑞,1784044800000,2026-07-15,2026-07-15 00:00:00,1.1500000000000001,1.1650000000000003,1.1430000000000002,1.1630000000000003,578313,67585280.0
561580.SH,央企红利ETF华泰柏瑞,1784131200000,2026-07-16,2026-07-16 00:00:00,1.1640000000000001,1.1670000000000003,1.1470000000000002,1.1520000000000001,695312,80937688.0
561580.SH,央企红利ETF华泰柏瑞,1784217600000,2026-07-17,2026-07-17 00:00:00,1.1490000000000002,1.1640000000000001,1.1480000000000001,1.1570000000000003,1041912,121773637.0
561580.SH,央企红利ETF华泰柏瑞,1784476800000,2026-07-20,2026-07-20 00:00:00,1.1660000000000001,1.1960000000000002,1.1600000000000001,1.195,1613744,191760704.0
561580.SH,央企红利ETF华泰柏瑞,1784563200000,2026-07-21,2026-07-21 00:00:00,1.197,1.203,1.179,1.187,1444094,172480670.0
561580.SH,央企红利ETF华泰柏瑞,1784649600000,2026-07-22,2026-07-22 00:00:00,1.179,1.2020000000000002,1.1760000000000002,1.201,1018498,121627977.0
561580.SH,央企红利ETF华泰柏瑞,1784736000000,2026-07-23,2026-07-23 00:00:00,1.1960000000000002,1.2120000000000002,1.193,1.209,1259188,152346878.0
561580.SH,央企红利ETF华泰柏瑞,1784822400000,2026-07-24,2026-07-24 00:00:00,1.2080000000000002,1.213,1.193,1.1940000000000002,1311077,158053036.0
561580.SH,央企红利ETF华泰柏瑞,1785081600000,2026-07-27,2026-07-27 00:00:00,1.1880000000000002,1.205,1.185,1.201,1285891,154824687.0
561580.SH,央企红利ETF华泰柏瑞,1785168000000,2026-07-28,2026-07-28 00:00:00,1.2000000000000002,1.211,1.193,1.209,692463,83633374.0
561580.SH,央企红利ETF华泰柏瑞,1785254400000,2026-07-29,2026-07-29 00:00:00,1.209,1.2280000000000002,1.2080000000000002,1.2260000000000002,1109977,136187497.0
561580.SH,央企红利ETF华泰柏瑞,1785340800000,2026-07-30,2026-07-30 00:00:00,1.2280000000000002,1.245,1.2260000000000002,1.2440000000000002,1055575,131198051.0
561580.SH,央企红利ETF华泰柏瑞,1785427200000,2026-07-31,2026-07-31 00:00:00,1.2240000000000002,1.2400000000000002,1.2220000000000002,1.2400000000000002,1222887,150806964.0
561580.SH,央企红利ETF华泰柏瑞,1785686400000,2026-08-03,2026-08-03 00:00:00,1.235,1.245,1.2340000000000002,1.2380000000000002,783810,97486768.0
561580.SH,央企红利ETF华泰柏瑞,1785772800000,2026-08-04,2026-08-04 00:00:00,1.235,1.237,1.2160000000000002,1.219,1046496,128426622.0
561580.SH,央企红利ETF华泰柏瑞,1785859200000,2026-08-05,2026-08-05 00:00:00,1.215,1.219,1.2020000000000002,1.213,974162,118253917.0
561580.SH,央企红利ETF华泰柏瑞,1785945600000,2026-08-06,2026-08-06 00:00:00,1.211,1.219,1.203,1.2160000000000002,665950,80962481.0
561580.SH,央企红利ETF华泰柏瑞,1786032000000,2026-08-07,2026-08-07 00:00:00,1.2160000000000002,1.217,1.2080000000000002,1.213,631584,76824629.0
561580.SH,央企红利ETF华泰柏瑞,1786291200000,2026-08-10,2026-08-10 00:00:00,1.209,1.227,1.2080000000000002,1.2240000000000002,726968,89207165.0
561580.SH,央企红利ETF华泰柏瑞,1786377600000,2026-08-11,2026-08-11 00:00:00,1.2280000000000002,1.2340000000000002,1.219,1.221,650737,80010735.0
561580.SH,央企红利ETF华泰柏瑞,1786464000000,2026-08-12,2026-08-12 00:00:00,1.223,1.223,1.2120000000000002,1.219,633580,77418355.0
561580.SH,央企红利ETF华泰柏瑞,1786550400000,2026-08-13,2026-08-13 00:00:00,1.2180000000000002,1.2180000000000002,1.209,1.211,727494,88507739.0
561580.SH,央企红利ETF华泰柏瑞,1786636800000,2026-08-14,2026-08-14 00:00:00,1.211,1.2120000000000002,1.203,1.2100000000000002,636011,77194569.0
561580.SH,央企红利ETF华泰柏瑞,1786896000000,2026-08-17,2026-08-17 00:00:00,1.211,1.22,1.208,1.219,555428,67495131.0
561580.SH,央企红利ETF华泰柏瑞,1786982400000,2026-08-18,2026-08-18 00:00:00,1.219,1.235,1.219,1.235,673859,82902489.0
561580.SH,央企红利ETF华泰柏瑞,1787068800000,2026-08-19,2026-08-19 00:00:00,1.238,1.245,1.235,1.24,813579,100937513.0
561580.SH,央企红利ETF华泰柏瑞,1787155200000,2026-08-20,2026-08-20 00:00:00,1.235,1.25,1.235,1.244,682305,84831865.0
561580.SH,央企红利ETF华泰柏瑞,1787241600000,2026-08-21,2026-08-21 00:00:00,1.242,1.248,1.238,1.242,503702,62568800.0
561580.SH,央企红利ETF华泰柏瑞,1787500800000,2026-08-24,2026-08-24 00:00:00,1.239,1.257,1.239,1.253,704266,88159960.0
561580.SH,央企红利ETF华泰柏瑞,1787587200000,2026-08-25,2026-08-25 00:00:00,1.252,1.261,1.252,1.257,604902,76027689.0
561580.SH,央企红利ETF华泰柏瑞,1787673600000,2026-08-26,2026-08-26 00:00:00,1.251,1.261,1.246,1.258,533240,67046109.0
561580.SH,央企红利ETF华泰柏瑞,1787760000000,2026-08-27,2026-08-27 00:00:00,1.256,1.263,1.249,1.261,599384,75277544.0
561580.SH,央企红利ETF华泰柏瑞,1787846400000,2026-08-28,2026-08-28 00:00:00,1.262,1.273,1.259,1.271,755150,95739887.0
561580.SH,央企红利ETF华泰柏瑞,1788105600000,2026-08-31,2026-08-31 00:00:00,1.271,1.277,1.267,1.275,646084,82223105.0
561580.SH,央企红利ETF华泰柏瑞,1788192000000,2026-09-01,2026-09-01 00:00:00,1.272,1.291,1.271,1.283,591548,76056294.0
561580.SH,央企红利ETF华泰柏瑞,1788278400000,2026-09-02,2026-09-02 00:00:00,1.291,1.291,1.268,1.268,679514,86498048.0
561580.SH,央企红利ETF华泰柏瑞,1788364800000,2026-09-03,2026-09-03 00:00:00,1.265,1.284,1.265,1.27,703332,89684345.0
561580.SH,央企红利ETF华泰柏瑞,1788451200000,2026-09-04,2026-09-04 00:00:00,1.268,1.28,1.268,1.273,502395,64052375.0
561580.SH,央企红利ETF华泰柏瑞,1788710400000,2026-09-07,2026-09-07 00:00:00,1.275,1.276,1.256,1.259,729949,92273309.0
561580.SH,央企红利ETF华泰柏瑞,1788796800000,2026-09-08,2026-09-08 00:00:00,1.258,1.273,1.258,1.273,587718,74434916.0
561580.SH,央企红利ETF华泰柏瑞,1788883200000,2026-09-09,2026-09-09 00:00:00,1.271,1.289,1.268,1.289,739736,94852457.0
561580.SH,央企红利ETF华泰柏瑞,1788969600000,2026-09-10,2026-09-10 00:00:00,1.285,1.29,1.279,1.283,733129,94005289.0
